3.959694200197195091e+00
5.806343483521561488e+00
6.966514101551577021e+00
1.066399900866980666e+01
1.101660179089074987e+01
1.267644093503356295e+01
1.379378053462622944e+01
1.696507729705175649e+01
1.909211783951671038e+01
2.213129223737830387e+01
2.317628577215941021e+01
2.474110356551216228e+01
2.817834164280739273e+01
2.945108745583829091e+01
3.176480158129830045e+01
3.441689927290899931e+01
3.541701395950271802e+01
3.669396146034915773e+01
3.961242999846232493e+01
4.189675197125462347e+01
4.258355088716508163e+01
4.623784330442467194e+01
4.803547758150087077e+01
4.880798669762939568e+01
5.169616503546123454e+01
5.518983599056004152e+01
5.550419626114700122e+01
5.759463280511254624e+01
5.999930975403398747e+01
6.145639482896022798e+01
6.339095201194637497e+01
6.521426608243277201e+01
6.768988241073127199e+01
6.954063923786500823e+01
7.162217439754859072e+01
7.347064879151353978e+01
7.481329020406700181e+01
7.772653920697302965e+01
8.010564876640549414e+01
8.094718125384757457e+01
8.415477763170167691e+01
8.544774794655947403e+01
8.885482178027953637e+01
9.037852638262285154e+01
9.081925911494836612e+01
9.465008131416624337e+01
9.576898421931859673e+01
9.709011837811364387e+01
9.922762635318760260e+01
1.018364798500895176e+02
