-1.414120307672597665e+00
1.485930890274318683e+00
-5.902751054210182424e-01
6.653851646702785283e-01
2.072046161239771145e+00
2.890019970351535239e+00
2.306253845248136702e+00
4.080122115810550731e+00
2.799228300742615527e+00
6.103334709530287228e+00
3.522876192351209301e+00
6.750846127790190110e+00
5.647960469416867468e+00
6.523112969926173399e+00
6.573383838365410625e+00
5.834657176148916768e+00
4.337937474683554839e+00
3.207241174958112673e+00
1.533814496622592838e+00
2.006883521530381742e+00
4.877567047337203476e-01
2.249530696096660343e+00
-6.441833904646410147e-01
4.632414926512785636e-01
-7.154583199076669509e-01
